Group,Ind,P1,P2,P3,P4,P51,CB0421,1.00E-04,0.9996,1.00E-04,1.00E-04,1.00E-041,CB0422,0.103011,0.455332,0.299702,0.0719629,0.06999261,CB0425,0.109654,0.353563,0.342184,0.104779,0.08982021,CB0430,0.0124818,0.811769,0.138774,0.0199713,0.0170041,CB0431,0.145202,0.351626,0.301041,0.115324,0.08680671,CB0432,1.00E-04,0.937959,0.0617411,1.00E-04,1.00E-041,CB0433,0.116499,0.418954,0.309319,0.0817333,0.07349411,CB0434,0.0292683,0.827392,0.139049,1.00E-04,0.004190591,CB0435,0.105892,0.476146,0.276216,0.0717523,0.06999321,CB0436,1.00E-04,0.90235,0.0952255,1.00E-04,0.002225061,CB0437,0.117539,0.401209,0.316897,0.0877325,0.07662281,CB0438,0.101414,0.585544,0.226737,0.047302,0.03900191,CB0439,0.0218748,0.807118,0.149992,0.00324906,0.01776621,CB0442,1.00E-04,0.935165,0.0645354,1.00E-04,1.00E-041,CB0444,0.0186496,0.795756,0.144926,0.0104068,0.03026221,CB0445,0.0663696,0.492427,0.274912,0.0793517,0.08693981,CB0446,0.04329,0.612129,0.246566,0.0336332,0.06438231,CB0447,1.00E-04,0.903464,0.0812525,1.00E-04,0.01508371,CB0449,0.0941,0.572124,0.238441,0.0536115,0.04172351,CB0450,1.00E-04,0.945574,0.0541257,1.00E-04,1.00E-042,CB0451,0.116247,0.212328,0.233466,0.388641,0.04931872,CB0452,0.062427,0.160437,0.115069,0.609985,0.05208282,CB0453,0.132434,0.245978,0.300009,0.229723,0.0918552,CB0454,0.149488,0.285428,0.318552,0.180528,0.06600382,CB0455,0.110829,0.230248,0.250535,0.336711,0.07167762,CB0456,0.0410342,1.00E-04,0.0334829,0.925283,1.00E-042,CB0457,0.084661,0.228738,0.24371,0.363385,0.07950612,CB0458,1.00E-04,1.00E-04,1.00E-04,0.9996,1.00E-042,CB0459,0.0623771,0.112697,0.144892,0.649874,0.03015892,CB0460,0.132797,0.203009,0.319599,0.298427,0.04616862,CB0461,0.0991968,0.254762,0.239955,0.348305,0.05778062,CB0462,0.113441,0.233693,0.230331,0.355572,0.06696352,CB0463,1.00E-04,0.0330738,0.0308732,0.919447,0.0165062,CB0464,1.00E-04,1.00E-04,1.00E-04,0.9996,1.00E-042,CB0465,0.117396,0.186188,0.160234,0.46888,0.06730212,CB0466,0.079273,0.20208,0.173641,0.479648,0.06535742,CB0468,1.00E-04,1.00E-04,1.00E-04,0.9996,1.00E-043,CB0481,0.138009,0.314023,0.326311,0.117142,0.1045153,CB0482,0.155565,0.263317,0.37363,0.142599,0.06488953,CB0483,0.133487,0.316728,0.335555,0.112947,0.1012823,CB0485,0.0792256,0.170398,0.458462,0.200213,0.09170143,CB0486,0.152347,0.308875,0.330102,0.111409,0.09726653,CB0487,0.103711,0.221713,0.42037,0.169013,0.08519183,CB0488,0.135492,0.282035,0.376652,0.138077,0.06774483,CB0489,0.136088,0.209094,0.423429,0.195437,0.03595263,CB0490,0.137421,0.292215,0.365401,0.128595,0.07636753,CB0491,0.142872,0.294751,0.355642,0.116001,0.09073463,CB0492,0.09437,0.143735,0.492644,0.269152,1.00E-044,CB0516,0.143816,0.302981,0.360819,0.102142,0.0902414,CB0517,0.142295,0.321041,0.342844,0.103368,0.09045264,CB0518,0.0766759,0.315213,0.515335,0.0570816,0.03569484,CB0519,1.00E-04,0.290128,0.709572,1.00E-04,1.00E-044,CB0520,0.120681,0.309699,0.429437,0.0913785,0.04880485,CB0543,0.161486,0.309825,0.348279,0.100049,0.08036235,CB0544,0.141013,0.277728,0.396863,0.0994348,0.08496125,CB0545,0.0750786,0.17622,0.651891,0.0530006,0.04380965,CB0546,0.14164,0.284682,0.384929,0.102523,0.08622575,CB0547,0.137255,0.258184,0.430298,0.10214,0.07212375,CB0548,1.00E-04,1.00E-04,0.98636,1.00E-04,0.01334065,CB0549,1.00E-04,1.00E-04,0.9996,1.00E-04,1.00E-045,CB0550,0.0495004,1.00E-04,0.945692,1.00E-04,0.004607985,CB0551,0.0416064,0.0437083,0.876938,0.00691121,0.03083595,CB0552,0.104301,0.167542,0.598997,0.0692569,0.05990375,CB0553,0.109548,0.19094,0.561735,0.0620572,0.075725,CB0554,1.00E-04,1.00E-04,0.964067,1.00E-04,0.03563295,CB0555,1.00E-04,1.00E-04,0.997735,1.00E-04,0.00196515,CB0556,0.131524,0.216862,0.50574,0.0801411,0.06573275,CB0557,0.0410649,0.160281,0.695817,0.0541192,0.04871775,CB0559,0.0918569,0.0863501,0.758362,0.0261962,0.03723525,CB0561,1.00E-04,1.00E-04,0.9996,1.00E-04,1.00E-046,CB0573,1.00E-04,0.00677723,0.0249613,0.00609528,0.9620666,CB0574,0.000296749,0.0928046,0.0650311,0.0405979,0.801276,CB0576,0.0537555,0.126331,0.0845043,0.0413632,0.6940466,CB0577,0.106738,0.293482,0.288641,0.104416,0.2067236,CB0578,0.0697522,0.207395,0.205127,0.072588,0.4451376,CB0579,0.0545997,0.170788,0.190599,0.0536936,0.5303216,CB0584,0.0665268,0.221441,0.217706,0.0695232,0.4248036,CB0586,0.11746,0.297519,0.294456,0.105065,0.1855016,CB0588,0.125218,0.296931,0.298212,0.107577,0.1720616,CB0589,1.00E-04,1.00E-04,1.00E-04,1.00E-04,0.99966,CB0590,0.101439,0.216791,0.238261,0.0761247,0.3673856,CB0591,0.114209,0.316479,0.314382,0.103208,0.1517216,CB0593,1.00E-04,1.00E-04,1.00E-04,1.00E-04,0.99966,CB0598,1.00E-04,1.00E-04,1.00E-04,1.00E-04,0.99967,CB0603,0.639015,0.130181,0.128462,0.0375984,0.06474357,CB0605,0.308772,0.261129,0.276518,0.0878132,0.06576787,CB0607,0.550253,0.166664,0.182931,0.0551167,0.04503577,CB0608,0.9996,1.00E-04,1.00E-04,1.00E-04,1.00E-047,CB0610,0.330309,0.246129,0.264928,0.0879023,0.07073227,CB0611,0.553521,0.176566,0.163583,0.0640066,0.04232347,CB0612,0.863649,0.0344987,0.0490726,0.0105474,0.04223217,CB0613,0.354489,0.211738,0.274354,0.0786224,0.08079687,CB0614,0.948595,0.0223877,0.0142761,0.0146411,1.00E-047,CB0615,0.973732,1.00E-04,1.00E-04,1.00E-04,0.02596797,CB0616,0.952586,0.00960128,0.0317624,0.0050341,0.001016317,CB0617,0.321697,0.241539,0.273048,0.0800931,0.08362227,CB0618,0.387675,0.209316,0.249443,0.0726462,0.080927,CB0620,0.2991,0.261604,0.262593,0.0879205,0.08878327,CB0621,0.9996,1.00E-04,1.00E-04,1.00E-04,1.00E-047,CB0622,0.9996,1.00E-04,1.00E-04,1.00E-04,1.00E-047,CB0623,0.999211,0.000489557,1.00E-04,1.00E-04,1.00E-047,CB0625,0.650289,0.118536,0.170715,0.0394899,0.02097047,CB0626,0.849814,0.0776419,0.0410128,0.0314312,1.00E-047,CB0627,0.523445,0.190614,0.1817,0.0613541,0.04288688,CB0633,0.116093,0.513881,0.215961,0.0816412,0.07242388,CB0634,0.141227,0.377111,0.299116,0.0969114,0.0856348,CB0635,0.122509,0.83209,0.0337009,0.00198374,0.009715828,CB0636,0.0928223,0.795124,0.0431906,0.0261772,0.04268648,CB0637,0.152328,0.36137,0.304764,0.0999873,0.08155118,CB0638,0.0075057,0.992194,1.00E-04,1.00E-04,1.00E-048,CB0639,0.0183141,0.968042,1.00E-04,1.00E-04,0.0134448,CB0640,0.126151,0.52453,0.179786,0.0891334,0.08039948,CB0641,0.0533141,0.787128,0.0492418,0.0383672,0.07194918,CB0642,0.116413,0.394447,0.302586,0.0978829,0.08867128,CB0643,1.00E-04,0.972257,1.00E-04,1.00E-04,0.0274438,CB0644,0.0560703,0.849586,0.0214496,0.0393171,0.03357688,CB0645,0.109932,0.527014,0.213266,0.0757758,0.07401318,CB0646,0.165355,0.347398,0.304699,0.103944,0.07860398,CB0647,0.102418,0.45956,0.263907,0.081778,0.09233748,CB0648,0.0540095,0.945691,1.00E-04,1.00E-04,1.00E-048,CB0649,0.111267,0.494451,0.229772,0.0822832,0.08222668,CB0650,0.139737,0.418438,0.26977,0.0870679,0.08498728,CB0651,1.00E-04,0.9996,1.00E-04,1.00E-04,1.00E-048,CB0652,0.0243005,0.946271,1.00E-04,0.0136897,0.01563918,CB0653,0.140363,0.512846,0.218036,0.0664425,0.06231258,CB0654,0.0453175,0.901731,1.00E-04,0.0261095,0.02674178,CB0655,0.133764,0.357013,0.313813,0.0995764,0.09583348,CB0656,0.171402,0.321911,0.330657,0.0958035,0.08022628,CB0659,0.0718942,0.908162,1.00E-04,0.00163954,0.01820478,CB0660,0.154456,0.34151,0.320134,0.0956453,0.08825448,CB0662,0.102783,0.572622,0.177251,0.0703715,0.07697179,CB0663,1.00E-04,0.0552461,0.944454,1.00E-04,1.00E-049,CB0664,0.0559944,0.087141,0.783256,0.0270674,0.04654119,CB0665,1.00E-04,0.107742,0.873523,0.0164632,0.002171499,CB0667,0.0451298,0.0596605,0.87928,0.0158294,1.00E-049,CB0668,0.111925,0.280429,0.435359,0.0862397,0.08604679,CB0670,0.0518269,0.13418,0.688462,0.0449952,0.08053539,CB0671,0.094249,0.194648,0.59507,0.0618715,0.05416189,CB0672,0.153652,0.307368,0.356955,0.0996238,0.08240119,CB0673,0.107417,0.260229,0.472346,0.101853,0.05815499,CB0674,0.107689,0.233456,0.513056,0.0773237,0.0684769,CB0676,0.0137164,0.0310694,0.944745,1.00E-04,0.01036919,CB0677,0.0852646,0.197962,0.590538,0.068152,0.05808349,CB0678,1.00E-04,0.0581064,0.941594,1.00E-04,1.00E-049,CB0679,0.0744523,0.199098,0.596124,0.0656978,0.06462789,CB0680,1.00E-04,0.0875348,0.897077,0.015188,1.00E-049,CB0681,0.0944466,0.127439,0.720877,0.0297935,0.02744319,CB0682,0.0556276,0.0763976,0.844257,0.0149062,0.008811669,CB0683,0.0984423,0.223135,0.525403,0.0832854,0.06973429,CB0684,0.0974466,0.177418,0.645296,0.0482601,0.0315799,CB0685,0.0172275,0.0288841,0.920616,1.00E-04,0.03317249,CB0686,0.0924775,0.238163,0.523842,0.0716033,0.07391469,CB0687,0.121636,0.291193,0.403404,0.0945367,0.08923089,CB0688,0.0400259,0.0559526,0.886183,0.0102973,0.007541359,CB0689,0.0945309,0.198608,0.5572,0.0653974,0.08426349,CB0690,1.00E-04,0.124729,0.831839,0.0314744,0.0118572